9392946
8791980
694734
6394898
1581923
-613706
-63639
-885036
1008018
6461324
3336603
6243240
9539885
5107587
6364671
266864
2147443
7721166
2134289
6988507
7750623
8446113
4396828
2330976
4564455
3866726
-177945
6380249
5364195
7500962
5311098
-103220
53357
5983298
4260019
3850615
947708
3849915
782386
843080
7897761
8645234
3263234
4380356
7978145
4903566
5878395
4804988
4300561
2726741
2553737
5087407
5743592
8599392
2027117
74573
3493491
6313112
2616402
8801400
8375508
6487624
3578422
1161873
3181819
1371958
8855020
8604559
8953224
6089278
-168227
6229783
842159
4742756
8654942
8770949
9531226
9860118
8327124
3797230
2285647
5510953
1603693
9233652
8626476
761360
1775086
3604971
4823572
5528126
3308281
9476659
6537687
695424
-875255
9946637
9035717
2640400
8518511
8826431
529372
3400181
46213
2189127
1059519
-2121
-618754
8444135
-858750
3952811
7681196
7964621
3440852
4900505
655071
115358
28498
2285870
5358661
-619765
8782762
9505748
21031
6298843
8385783
2701820
-154716
4304526
2062508
143640
3667059
6879565
-575184
10909
2194600
1421841
8344081
9736423
1893148
7644212
2460695
6733765
8708877
5504688
2633101
2773376
5212712
6648198
812013
9712156
1660104
-31233
2359100
4447727
7313333
5484018
743508
6215015
5031082
3799655
224636
1349641
4812790
3714068
5005516
6130273
4114124
3244790
4556640
3957500
-100499
3160124
9873186
5202589
4793400
2742456
-191470
3289494
-147034
4799870
1326045
6677963
6983061
1473435
-742646
401706
2146635
3492155
9182884
-693262
-721942
-116716
2967835
852070
817404
8434918
-79760
7975103
643091
2335922
548680
423929
2459225
3644774
3605313
3028191
60116
5829460
2389756
3736166
1441716
4797027
2499220
6929166
5743604
2045178
4647562
9486035
396699
5464772
879418
8923160
7453941
2783067
3452550
3154821
2603491
4056695
-189454
1156921
2420285
-14752
5513773
9612444
3887319
-489262
2600562
4298459
5230646
-40729
2652933
3612450
6897082
566701
6552112
6064403
5439990
-115028
572015
5079377
1133637
7835649
17276
1053650
1269847
8930251
2985512
3061188
4099061
4284216
7238858
4052203
7966046
9765644
9315793
5642098
1938761
171185
7494400
3543534
5154627
9688784
9213469
1070297
1396338
4166498
930130
8646808
8989908
3025712
2115635
6132622
9923057
8915620
4564219
1353945
350137
3265933
2000638
6596010
5383375
9175802
8050030
1107192
5298206
9804600
-199370
-822852
2267650
7325837
9704478
9197436
9550306
1605609
2210137
6172673
5860610
-251049
7847159
1188214
7927292
4067729
26510
6335495
5024442
149550
5616477
1214343
3951648
-450107
1052886
9805554
4126116
1549526
2985920
3947312
2826496
2852114
7728274
6897069
2905022
2508139
9832423
2948334
1121045
4965319
8765126
5530435
3090901
4582079
5645587
73484
9913478
-323828
3461935
1106296
1315126
7929470
9625883
9951223
1365578
1251434
2632301
2997028
2728287
9517832
9834428
5452603
5547051
6562868
2946
5752666
2100800
6048599
951321
1671546
2874468
7477243
341821
524973
884944
5656711
4937556
6115183
9120999
5780532
2917473
2221980
6120878
-817193
4644041
-591204
6078522
7227967
1525148
262535
7282796
9716136
5139168
2989052
5080879
-210373
2958371
705388
8854550
8176217
-965656
8986975
7214532
7751749
-268079
-888091
2101021
3408690
2148495
7013936
7853392
6863555
7576815
5047789
-114228
151755
1296652
4844327
8309124
7198583
709485
6489142
2960679
3745901
1227582
-66119
3232663
8099467
983465
1226036
-261661
-424358
9469332
9534643
702717
9220774
8668343
886559
8401100
2032177
3562011
9063403
6444104
3882180
-778580
5603552
7802324
6156971
4314114
8274104
1818936
845831
6638987
8217029
-552381
7361550
7337483
6165299
4835844
4778686
7213907
3867562
8639152
8026948
8913455
1753768
8998496
6910712
3443324
7264613
2118946
6903244
2380135
6648381
6123809
5575680
8173511
6174985
1099684
5235776
6230640
9008278
5597593
4077336
848363
4925091
9954014
9490283
3608779
1755896
1896404
4900419
5355677
-472673
7720163
4759992
8311479
3660972
4810919
4634667
1805455
3710075
9205566
2002992
8700546
2281011
-956330
4783912
2493800
5089294
8584280
-10867
3786540
4777024
8740807
-314560
5961658
8080552
9407696
8189006
2686346
1308733
1001615
7005363
6883569
1486725
8417722
469285
-786254
4460940
5399897
6075190
7830501
4476085
4760089
6593118
3560336
3519118
2901189
7274381
6247518
8070182
7410929
3141633
5454902
-942166
2269781
-46456
5830054
5105377
4302090
9932647
2094539
-165386
-381832
782193
4798553
8652784
708517
-268066
5699097
8234269
8389667
7436953
4941872
180989
6190770
4525688
-142005
5265926
1277134
9691538
7316332
848975
2094119
-285
5755033
9527291
2735084
1098373
2167589
2543036
1345083
7249161
7267242
4701016
8531715
2822523
4620917
1083499
3321306
8111646
9936687
3659147
4389480
3708206
1719990
4936211
4707496
3347993
3540455
-137690
3969412
2875894
-607264
1693205
-116381
6431699
7552384
2578119
9454501
5393212
4960732
3713692
8655654
380749
1675506
8560405
5713831
4304063
3247060
503012
3301574
6062890
3663060
1053789
-809786
747216
7004983
9412373
2843998
7844970
5947740
488380
4897784
6105305
2292684
5079907
68485
-6170
7686351
3278756
8964571
-447452
7437413
250496
7089675
3465220
7229670
7491228
245086
7077451
9006451
5858060
9552016
3648463
3941690
731105
3613562
8483762
394519
2063549
2956913
5568607
877623
1863492
6065206
3234372
6006297
4745595
9142803
9310956
2299154
7897174
436804
207949
-349583
8361721
5511887
2973083
3189303
3811103
5642785
393446
6183102
2662332
1438379
6940677
218434
4864210
-682869
5976146
7104271
339849
4179320
1255304
8698421
6128020
8748098
7339653
2351376
9319462
1081049
9154022
9978108
2031832
4890989
2516795
9306974
4048321
6205990
7534393
3322302
4063967
3151807
3482679
2195761
2833709
2291075
7857054
7383939
857416
3047054
8094881
-468104
8698883
4751573
260976
6844426
4769066
-693142
4207605
4619866
5995240
8084369
2395590
3266586
4891378
2317020
-767026
2342731
8112550
1720691
7099987
2348097
7317689
9086747
2781368
1319384
8599397
2688695
7077975
4138405
-313248
8841337
4978876
261942
3159737
8132332
9788457
3390660
8837874
8034664
8492054
7942111
1247898
708391
8550121
7165249
893511
7738012
8043546
4050334
5821850
787720
5784785
1515176
5406912
9981853
3939742
630974
-262629
2920442
9018628
9805518
-558833
6767487
5623152
5173771
-124186
3257245
4497830
8208011
2782245
5545816
5368794
4589654
3832658
2063919
9786757
-298557
3418132
6133643
3673564
8586343
150926
7769447
9124569
6733327
5414957
9164390
3643154
9160662
5271682
2142376
2439163
7173244
1745328
6061820
7814307
9297724
2072833
1111862
4463088
7758645
738700
-547034
7986856
6855601
650144
-94622
747137
135556
8395701
3733474
5160410
7115736
2613879
5298427
6609338
9273259
8815054
5599067
9151158
240801
-434960
-197131
8729209
355348
8253109
4917720
8530272
2416538
7370816
6203932
5568300
9842372
4601201
6447133
3292674
2896346
4992311
7752906
8674679
6595863
6916545
6391629
4779682
2007034
5031670
1003245
1637259
6935951
6412020
-933947
5516881
3478000
6329352
751677
7471296
2787945
6790281
7614798
8468037
1080572
280806
5173274
8623735
3654490
8177831
9711614
5311836
3875538
7186913
4501579
4356862
8663547
5108112
9639635
-280069
8812849
8175728
1159065
7162568
7095052
-925998
8607825
7188907
5111193
4772792
-848572
7189046
1698478
2430999
5062087
3051449
1047405
1091680
-734704
8042934
7124921
-121242
5918890
3631803
5037738
3696660
7929199
4668127
163487
663661
8019335
6867626
3966165
2930598
6948337
9427922
1111075
3899375
5519529
4288637
852740
4174238
3325991
5545685
-38639
1010977
6353671
8565308
-146574
6550796
-36187
2199677
5126571
6975671
499089
1481180
5848822
9443196
481906
3797948
3507868
5664546
6925439
-839785
9598342
906485
8887191
-684828
7430158
7258914
1841986
4157661
860298
6979363
9304964
2539377
319436
269610
-334284
4503584
182793
197117
4267420
-511660
2450047
8713979
2605219
-395965
2827037
8294731
3331257
2271151
5508911
4566238
4797061
9324963
2735015
1619323
6208548
6537616
8665999
8497058
8716914
1230072